S05184_1:101		
632.787	0	
633.253	-2	
633.718	-3	
634.184	-4	
634.65	1	
635.115	6	
635.581	0	
636.047	-3	
636.513	-2	
636.978	0	
637.444	-1	
637.91	2	
638.376	-2	
638.842	1	
639.308	3	
639.774	1	
640.24	0	
640.706	3	
641.172	0	
641.638	1	
642.104	4	
642.57	-1	
643.036	-2	
643.502	1	
643.968	5	
644.435	-1	
644.901	-2	
645.367	-3	
645.833	4	
646.3	-2	
646.766	-1	
647.233	1	
647.699	1	
648.165	2	
648.632	-3	
649.098	3	
649.565	0	
650.031	-1	
650.498	-4	
650.965	-2	
651.431	-2	
651.898	1	
652.365	-1	
652.831	0	
653.298	2	
653.765	-2	
654.232	1	
654.698	0	
655.165	-1	
655.632	3	
656.099	-1	
656.566	-4	
657.033	-2	
657.5	3	
657.967	0	
658.434	-5	
658.901	0	
659.368	3	
659.835	1	
660.303	1	
660.77	-3	
661.237	0	
661.704	4	
662.171	-3	
662.639	-3	
663.106	1	
663.573	5	
664.041	0	
664.508	-2	
664.976	-1	
665.443	1	
665.911	2	
666.378	0	
666.846	-1	
667.313	2	
667.781	0	
668.248	-1	
668.716	-4	
669.184	3	
669.652	3	
670.119	-2	
670.587	-1	
671.055	1	
671.523	-1	
671.99	2	
672.458	2	
672.926	6	
673.394	17	
673.862	16	
674.33	21	
674.798	19	
675.266	13	
675.734	9	
676.202	3	
676.67	1	
677.139	0	
677.607	2	
678.075	-1	
678.543	-5	
679.011	-2	
679.48	3	
679.948	2	
680.416	1	
680.885	2	
681.353	13	
681.822	37	
682.29	46	
682.759	44	
683.227	39	
683.696	35	
684.164	34	
684.633	34	
685.101	35	
685.57	42	
686.039	42	
686.507	48	
686.976	53	
687.445	57	
687.914	61	
688.382	62	
688.851	63	
689.32	68	
689.789	69	
690.258	68	
690.727	67	
691.196	61	
691.665	63	
692.134	69	
692.603	70	
693.072	72	
693.541	82	
694.01	82	
694.479	85	
694.949	80	
695.418	77	
695.887	66	
696.356	64	
696.826	66	
697.295	65	
697.764	67	
698.234	59	
698.703	71	
699.173	62	
699.642	63	
700.112	64	
700.581	69	
701.051	73	
701.52	64	
701.99	61	
702.459	64	
702.929	59	
703.399	58	
703.869	60	
704.338	54	
704.808	56	
705.278	62	
705.748	66	
706.218	62	
706.687	70	
707.157	74	
707.627	71	
708.097	76	
708.567	80	
709.037	77	
709.507	85	
709.977	76	
710.447	78	
710.918	82	
711.388	91	
711.858	91	
712.328	84	
712.798	89	
713.269	90	
713.739	106	
714.209	109	
714.68	117	
715.15	117	
715.62	121	
716.091	132	
716.561	123	
717.032	116	
717.502	121	
717.973	117	
718.443	112	
718.914	111	
719.385	120	
719.855	113	
720.326	105	
720.797	107	
721.267	114	
721.738	123	
722.209	132	
722.68	129	
723.151	127	
723.621	117	
724.092	128	
724.563	132	
725.034	134	
725.505	138	
725.976	144	
726.447	139	
726.918	151	
727.389	159	
727.861	169	
728.332	180	
728.803	171	
729.274	169	
729.745	184	
730.217	190	
730.688	202	
731.159	212	
731.631	225	
732.102	246	
732.573	254	
733.045	282	
733.516	283	
733.988	285	
734.459	302	
734.931	292	
735.402	312	
735.874	303	
736.345	320	
736.817	286	
737.289	283	
737.76	318	
738.232	342	
738.704	365	
739.176	393	
739.648	397	
740.119	437	
740.591	473	
741.063	502	
741.535	493	
742.007	495	
742.479	493	
742.951	496	
743.423	526	
743.895	549	
744.367	562	
744.839	561	
745.311	535	
745.784	510	
746.256	516	
746.728	515	
747.2	511	
747.672	584	
748.145	617	
748.617	664	
749.089	691	
749.562	710	
750.034	674	
750.507	710	
750.979	761	
751.452	756	
751.924	801	
752.397	880	
752.869	925	
753.342	1039	
753.815	1098	
754.287	1019	
754.76	1048	
755.233	1079	
755.705	1052	
756.178	1138	
756.651	1176	
757.124	1215	
757.597	1181	
758.069	1222	
758.542	1227	
759.015	1239	
759.488	1194	
759.961	1180	
760.434	1152	
760.907	1213	
761.38	1264	
761.853	1389	
762.327	1516	
762.8	1519	
763.273	1667	
763.746	1669	
764.219	1697	
764.693	1755	
765.166	1745	
765.639	1963	
766.113	2070	
766.586	1972	
767.059	1941	
767.533	2051	
768.006	2006	
768.48	1954	
768.953	1998	
769.427	1942	
769.9	1913	
770.374	1926	
770.848	1850	
771.321	1620	
771.795	1721	
772.269	1810	
772.742	1977	
773.216	2047	
773.69	2025	
774.164	2118	
774.638	2246	
775.111	2244	
775.585	2130	
776.059	2101	
776.533	2200	
777.007	2210	
777.481	2309	
777.955	2238	
778.429	2156	
778.903	2278	
779.378	2363	
779.852	2362	
780.326	2412	
780.8	2322	
781.274	2595	
781.749	2784	
782.223	2794	
782.697	2718	
783.171	2716	
783.646	2587	
784.12	2632	
784.595	2493	
785.069	2713	
785.544	2744	
786.018	2601	
786.493	2559	
786.967	2585	
787.442	2545	
787.916	2324	
788.391	2291	
788.866	2406	
789.34	2379	
789.815	2227	
790.29	2075	
790.765	2049	
791.239	1952	
791.714	1844	
792.189	1899	
792.664	1819	
793.139	1846	
793.614	1886	
794.089	1829	
794.564	1837	
795.039	1633	
795.514	1582	
795.989	1293	
796.464	1146	
796.939	1117	
797.414	1096	
797.89	1120	
798.365	1056	
798.84	1002	
799.315	869	
799.791	835	
800.266	862	
800.741	818	
801.217	740	
801.692	725	
802.168	730	
802.643	641	
803.119	495	
803.594	435	
804.07	390	
804.545	324	
805.021	258	
805.496	217	
805.972	192	
806.448	155	
806.923	125	
807.399	111	
807.875	105	
808.351	86	
808.827	82	
809.302	77	
809.778	79	
810.254	78	
810.73	77	
811.206	70	
811.682	59	
812.158	57	
812.634	48	
813.11	45	
813.586	44	
814.062	40	
814.539	40	
815.015	46	
815.491	48	
815.967	45	
816.443	45	
816.92	48	
817.396	50	
817.872	61	
818.349	58	
818.825	54	
819.302	53	
819.778	51	
820.255	47	
820.731	52	
821.208	49	
821.684	48	
822.161	54	
822.637	48	
823.114	39	
823.591	44	
824.067	42	
824.544	40	
825.021	48	
825.498	46	
825.975	42	
826.451	33	
826.928	32	
827.405	32	
827.882	26	
828.359	26	
828.836	31	
829.313	29	
829.79	31	
830.267	41	
830.744	36	
831.221	39	
831.698	42	
832.176	45	
832.653	53	
833.13	47	
833.607	44	
834.085	36	
834.562	30	
835.039	30	
835.517	26	
835.994	29	
836.471	29	
836.949	31	
837.426	34	
837.904	27	
838.381	31	
838.859	24	
839.336	19	
839.814	21	
840.292	17	
840.769	17	
841.247	20	
841.725	22	
842.203	27	
842.68	31	
843.158	26	
843.636	26	
844.114	32	
844.592	33	
845.07	30	
845.548	28	
846.026	25	
846.504	27	
846.982	26	
847.46	25	
847.938	28	
848.416	30	
848.894	29	
849.372	29	
849.85	24	
850.329	24	
850.807	19	
851.285	27	
851.763	26	
852.242	26	
852.72	25	
853.198	23	
853.677	24	
854.155	21	
854.634	21	
855.112	23	
855.591	21	
856.069	19	
856.548	17	
857.026	14	
857.505	19	
857.984	19	
858.462	19	
858.941	12	
859.42	11	
859.899	16	
860.377	19	
860.856	15	
861.335	12	
861.814	15	
862.293	11	
862.772	10	
863.251	10	
863.73	11	
864.209	12	
864.688	5	
865.167	14	
865.646	12	
866.125	9	
866.604	13	
867.083	10	
867.563	10	
868.042	9	
868.521	5	
869	7	
869.48	8	
869.959	9	
870.438	5	
870.918	6	
871.397	9	
871.877	6	
872.356	5	
872.836	6	
873.315	8	
873.795	4	
874.274	7	
874.754	6	
875.234	7	
875.713	7	
876.193	5	
876.673	6	
877.153	9	
877.632	7	
878.112	0	
878.592	-1	
879.072	1	
879.552	2	
880.032	3	
880.512	4	
880.992	3	
881.472	1	
881.952	5	
882.432	1	
882.912	2	
883.392	-4	
883.872	4	
884.352	4	
884.832	1	
885.313	2	
885.793	-1	
886.273	0	
886.753	5	
887.234	6	
887.714	0	
888.195	0	
888.675	6	
889.155	4	
889.636	-1	
890.116	3	
890.597	2	
891.077	1	
891.558	2	
892.039	-1	
892.519	-2	
893	2	
893.481	-1	
893.961	0	
894.442	-3	
894.923	-1	
895.404	3	
895.885	2	
896.365	0	
896.846	-2	
897.327	2	
897.808	-5	
898.289	-4	
898.77	1	
899.251	6	
899.732	1	
900.213	1	
900.694	-1	
901.175	0	
901.657	3	
902.138	-1	
902.619	-2	
903.1	2	
903.582	-1	
904.063	1	
904.544	0	
905.026	-2	
905.507	1	
905.988	1	
906.47	-4	
906.951	-1	
907.433	0	
907.914	3	
908.396	4	
908.877	2	
909.359	3	
909.841	2	
910.322	3	
910.804	7	
911.286	2	
911.767	-3	
912.249	3	
912.731	1	
913.213	-4	
913.695	7	
914.176	-1	
914.658	-1	
915.14	0	
915.622	-3	
916.104	5	
916.586	-1	
917.068	-2	
917.55	-2	
918.032	2	
918.515	-1	
918.997	-1	
919.479	1	
919.961	2	
920.443	-3	
920.926	-6	
921.408	2	
921.89	3	
922.373	-4	
922.855	-4	
923.337	0	
923.82	5	
924.302	2	
924.785	0	
925.267	5	
925.75	-2	
926.232	0	
926.715	2	
927.197	-2	
927.68	5	
928.163	-1	
928.646	-4	
929.128	-3	
929.611	1	
930.094	4	
930.577	1	
931.059	1	
931.542	-3	
932.025	0	
932.508	0	
932.991	-3	
933.474	2	
933.957	0	
934.44	-2	
934.923	0	
935.406	-1	
935.889	-2	
936.372	1	
936.856	-1	
937.339	2	
937.822	1	
938.305	-1	
938.789	3	
939.272	0	
939.755	1	
940.239	-1	
940.722	-4	
941.205	5	
941.689	2	
942.172	1	
942.656	-1	
943.139	4	
943.623	0	
944.106	2	
944.59	-2	
945.074	1	
945.557	1	
946.041	1	
946.525	1	
947.009	0.5	
947.492	0	
947.976	3	
948.46	-1	
948.944	-1	
949.428	-1	
949.912	-2	
950.395	-1	
950.879	3	
951.363	1	
951.847	1	
952.332	-3	
952.816	-1	
953.3	0	
953.784	-3	
954.268	-4	
954.752	-1	
955.236	1	
955.721	-1	
956.205	0	
956.689	-3	
957.174	0	
957.658	1	
958.142	2	
958.627	-3	
959.111	0	
959.596	-1	
960.08	-1	
960.565	-1	
961.049	0	
961.534	2	
962.018	0	
962.503	-3	
962.988	2	
963.472	5	
963.957	0	
964.442	-3	
964.926	-1	
965.411	-2	
965.896	4	
966.381	-1	
966.866	-3	
967.351	-4	
967.836	5	
968.321	0	
968.806	-4	
969.291	0	
969.776	-3	
970.261	1	
970.746	-2	
971.231	0	
971.716	0	
972.201	-5	
972.686	4	
973.172	-1	
973.657	-3	
974.142	1	
974.627	2	
975.113	-5	
975.598	1	
976.084	0	
976.569	1	
977.054	3	
977.54	0	
978.025	-6	
978.511	-1	
978.997	-1	
979.482	1	
979.968	-1	
980.453	0	
980.939	1	
981.425	1	
981.91	3	
982.396	1	
982.882	3	
983.368	-1	
983.854	1	
984.34	-2	
984.825	1	
985.311	-1	
985.797	1	
986.283	0	
986.769	5	
987.255	0	
987.741	0	
988.227	-1	
988.714	-1	
989.2	4	
989.686	2	
990.172	4	
990.658	1	
991.145	-2	
991.631	-2	
992.117	0	
992.603	-1	
993.09	0	
993.576	1	
994.063	-1	
994.549	2	
995.036	-1	
995.522	0	
996.009	0	
996.495	0	
996.982	1	
997.468	-2	
997.955	2	
998.442	2	
998.928	3	
999.415	0	
999.902	0	
1000.388	0	
1000.875	5	
1001.362	0	
1001.849	-2	
1002.336	3	
1002.823	-1	
1003.31	5	
1003.797	2	
1004.284	0	
1004.771	2	
1005.258	-1	
1005.745	-1	
1006.232	2	
1006.719	3	
1007.206	-1	
1007.693	-2	
1008.181	2	
1008.668	-2	
1009.155	0	
1009.642	-1	
1010.13	1	
1010.617	1	
1011.104	-1	
1011.592	3	
1012.079	0	
1012.567	-1	
1013.054	-2	
1013.542	0	
1014.029	5	
1014.517	-1	
1015.004	-2	
1015.492	-1	
1015.98	-3	
1016.467	-1	
1016.955	-1	
1017.443	-1	
1017.931	4	
1018.418	2	
1018.906	0	
1019.394	1	
1019.882	0	
1020.37	-1	
1020.858	-1	
1021.346	-2	
1021.834	-1	
1022.322	-2	
1022.81	3	
1023.298	3	
1023.786	2	
1024.274	-1	
1024.762	3	
1025.25	1	
1025.739	-2	
1026.227	4	
1026.715	4	
1027.203	2	
1027.692	-2	
1028.18	5	
1028.668	-1	
1029.157	-1	
1029.645	0	
1030.134	0	
1030.622	-1	
1031.111	-2	
1031.599	-1	
1032.088	2	
1032.576	-3	
1033.065	1	
1033.553	0	
1034.042	0	
1034.531	2	
1035.02	4	
1035.508	-3	
1035.997	1	
1036.486	1	
1036.975	2	
1037.464	-2	
1037.953	0	
1038.441	2	
1038.93	-1	
1039.419	-3	
1039.908	0	
1040.397	0	
1040.886	-1	
1041.376	2	
1041.865	-5	
1042.354	1	
1042.843	2	
1043.332	2	
1043.821	-1	
1044.311	0	
1044.8	3	
1045.289	2	
1045.778	0	
1046.268	1	
1046.757	2	
1047.247	5	
1047.736	-3	
1048.226	0	
1048.715	2	
1049.205	3	
1049.694	0	
1050.184	0	
1050.673	2	
1051.163	1	
1051.653	-3	
1052.142	1	
1052.632	4	
1053.122	3	
1053.612	0	
1054.101	4	
1054.591	2	
1055.081	4	
1055.571	0	
1056.061	0	
1056.551	2	
1057.041	1	
1057.531	1	
1058.021	2	
1058.511	2	
1059.001	1	
1059.491	0	
1059.981	1	
1060.471	1	
1060.961	-2	
1061.452	-2	
1061.942	-2	
1062.432	6	
1062.922	1	
1063.413	2	
1063.903	0	
1064.393	-2	
1064.884	1	
1065.374	1	
1065.865	-3	
1066.355	0	
1066.846	3	
1067.336	-1	
1067.827	-3	
1068.317	-1	
1068.808	2	
1069.299	-1	
1069.789	2	
1070.28	4	
1070.771	0	
1071.262	2	
1071.752	-2	
1072.243	2	
1072.734	1	
1073.225	5	
1073.716	0	
1074.207	-2	
1074.698	0	
1075.189	4	
1075.68	-2	
1076.171	-2	
1076.662	2	
1077.153	3	
1077.644	-2	
1078.135	1	
1078.626	3	
1079.117	0	
1079.609	3	
1080.1	2	
1080.591	-5	
1081.083	-4	
1081.574	1	
1082.065	0	
1082.557	1	
1083.048	-5	
1083.539	-4	
1084.031	2	
1084.522	3	
1085.014	3	
1085.506	0	
1085.997	0	
1086.489	-1	
1086.98	4	
1087.472	2	
1087.964	-1	
1088.455	1	
1088.947	-3	
1089.439	-3	
1089.931	4	
1090.423	-4	
1090.915	-1	
1091.406	-1	
1091.898	1	
1092.39	0	
1092.882	-3	
1093.374	-1	
1093.866	0	
1094.358	0	
1094.85	-1	
1095.342	3	
1095.835	0	
1096.327	-3	
1096.819	1	
1097.311	0	
1097.803	-3	
1098.296	-2	
1098.788	-1	
1099.28	3	
1099.773	1	
1100.265	3	
1100.758	-2	
1101.25	1	
1101.742	3	
1102.235	0	
1102.727	1	
1103.22	0	
1103.713	2	
1104.205	3	
1104.698	-1	
1105.19	2	
1105.683	1	
1106.176	2	
1106.669	1	
1107.161	2	
1107.654	-1	
1108.147	3	
1108.64	1	
1109.133	2	
1109.626	-2	
1110.119	5	
1110.611	2	
1111.104	0	
1111.597	1	
1112.091	-3	
1112.584	0	
1113.077	1	
1113.57	5	
1114.063	-2	
1114.556	3	
1115.049	2	
1115.543	1	
1116.036	2	
1116.529	-4	
1117.022	-1	
1117.516	-3	
1118.009	1	
1118.503	1	
1118.996	1	
1119.489	-3	
1119.983	-1	
1120.476	-2	
1120.97	3	
1121.464	-2	
1121.957	3	
1122.451	-2	
1122.944	4	
1123.438	-2	
